"station_rotation" "flipped_classroom" "lab_rotation" "individual_rotation" "flex" "a_la_carte" "enriched_virtual" "opportunities_mastery" "advancement_mastery" "performance_assessment" "grading_mastery" "assessment_schedule" "competency_framework" "equity_plan" "reallocation_resources" "design_margins" "restorative_practice" "culturally_relevant" "rigorous_coursework" "elimination_tracking" "graduation_supports" "poverty_supports" "immigrants_supports" "ell_supports" "flexible_staffing" "flexible_facilities" "flexible_schedule" "real_time_data" "quality_materials" "oer" "multi_age" "devices_home" "integrated_data" "student_goals" "student_pace" "learning_paths" "learner_profiles" "student_conferences" "student_data" "projects_primary" "student_projects" "interdisciplinary" "real_world" "exhibitions" "portfolios" "career_prep" "outside_credit" "service_learning" "local_focus" "local_global" "design_thinking" "community_partnerships" "makerspace" "measures_college" "measures_career" "measures_deeper" "measures_purpose" "measures_sel" "measures_climate" "sel_plan" "sel_curriculum" "sel_integrated" "circles" "advisories" "hiring_practices" "relevant_learning" "information_formats" "ways_mastery" "accommodations" "data_instruction" "adaptive_content" "mentoring" "mental_health" "physical_health" "community_support" "open_hours"
"station_rotation" 1 0.255275346785545 0.352424857786122 0.370058023832717 0.218150593759782 -0.0270628967470586 -0.0149896906380424 0.106645110168417 0.090689828669687 -0.00783648178195262 -0.142405120149084 -0.0403405724812694 -0.0596929124661415 0.0460258940805845 0.273040869519951 -0.15874549798461 0.0778453340288757 0.0483365587215198 0.114854736104301 -0.016812815459462 -0.0562267876779784 0.140059301666535 0.0194011378554562 0.271967752580162 -0.0248997665034637 0.190795468366141 -0.0990188464554728 0.396543897412708 0.0661114099422912 0.0869264883340437 -0.123826890136599 0.0791896760962068 0.3367856288012 0.0700995912029252 0.232833114077186 0.0608562046231887 0.142671053794049 0.104620988017731 0.148981802658735 -0.00950547751249167 0.027798015258643 0.0382025761124122 -0.0250532342197723 -0.0975261155381253 -0.104359533470151 -0.0565789345520296 -0.114065387285095 0.0996520425725672 0.0417492346791073 0.000699431643355722 0.15119350318722 -0.027798015258643 -0.0180527960065466 -0.00783258733822585 0.0307976274539937 0.0305195937649365 -0.0450664792829516 0.124528432772624 0.101034462714468 0.180979254042654 0.195971267859797 0.0505598353188482 0.0722896841122446 -0.142405120149084 0.0721894837341112 0.147862304890474 0.106391431638549 0.0316726860087697 0.106971152241883 0.334664805392608 0.192483550880569 0.124950674647436 0.101034462714468 0.124613931798668 0.206601895602973 0.126805837023262
"flipped_classroom" 0.255275346785545 1 0.39097541354952 0.18703007518797 0.141142817680319 0.0266131524656543 0.341919394411419 0.0126453537222268 0.0852930380971557 0.00516685804466771 -0.0881837038799349 0.0424614046896408 0.0182307848441855 0.018556186601689 0.0919979472109116 0.0363266597850696 -0.0963230753935016 0.0162718262190036 0.223025517006847 0.0227664682593171 0.140274459062929 -0.0786331208672867 -0.0100255950074056 0.0686659547359615 -0.0643605013539686 0.089890782136914 -0.16585663577957 0.15301600210815 0.116900163260607 0.141142817680319 -0.0394712616203552 0.133370685826477 0.212811040936487 -0.073313554351215 0.0390071881021813 0.166278301080587 0.13378092042805 0.0790926046015835 0.113888619167504 0.00980724633187504 0.0202055386396249 -0.0257099926912018 0.0439548645998406 -0.0998864579780418 -0.0311303844222566 0.190229942950129 0.104249232682586 0.17620770841455 -0.0505450097633693 0.00951140414098058 0.0118163471165762 -0.0477296188337597 0.0221771296964205 0.112853576104865 0.0737902614759821 0.101616148620326 -0.00731854155450981 -0.0523791539631136 -0.0330090898791076 -0.0889880826670704 0.0129093141651407 -0.0812618158077894 -0.0827533770290916 -0.143358317880762 -0.0475969733804526 0.0574358092173439 0.0355661471381888 0.148464192182348 0.0827034961435419 0.123821247081745 0.10555640916701 -0.00731854155450981 0.0497528311221333 0.120470574080983 0.0541519371335244 -0.0404541552930401
"lab_rotation" 0.352424857786122 0.39097541354952 1 0.39097541354952 0.219886779891827 0.18915932847164 0.115112470329029 0.193368833155891 0.167816907191328 0.218749752686921 0.0766338136141334 0.247881822875303 0.138413853902649 0.0303085302569958 0.172873583434457 -0.103817490176369 0.124152260146757 0.019405861455373 0.170581765010682 0.0587476421056533 0.155492229914675 0.114688229639705 -0.0950103300635678 0.0900054540968542 0.112402445927223 0.290620103260155 0.133035211054193 0.266805698629796 0.114688229639705 0.293751659350635 0.157847677198859 0.168901284937654 0.256999729165485 0.0843840028852212 0.21009718113505 0.18373718674071 0.253242509708378 0.0828635807519978 0.166487814871843 0.15292985860425 0.085348663907809 0.182082743590258 0.11681074165129 -0.019405861455373 0.162200962614833 0.183144983021099 0.190743009069185 0.138016788639398 -0.0479726778123201 0.0578744642777648 0.236558323062448 0.0855462302594474 0.182954340162423 0.0192889095337192 0.02055519902563 0.119436393859224 -0.0171882725925449 0.132076354928201 0.110891306521743 0.150502421742214 -0.0167820212774855 0.0715433801669217 -0.0707133987542002 -0.0261386651086967 0.150636139907945 0.128015467292905 0.167342650415296 0.132293887071657 0.179875607109268 0.18316899430237 0.14809621967746 0.0511696850743577 0.0766338136141334 0.0449699428328837 0.0557738284831863 0.0939182573042165
"individual_rotation" 0.370058023832717 0.18703007518797 0.39097541354952 1 0.170884239676294 0.245854837063663 0.0900298760302601 0.0438974422071586 0.169291305217504 -0.0227664682593171 0.0497528311221333 0.0706063204417781 -0.00943523075269252 0.0763979934862331 0.120067867612124 0.0663960958751033 -0.0688249037052577 0.0162718262190036 0.0708827155786746 0.0227664682593171 0.00317004427260856 0.116900163260607 0.0204029652782289 0.123662298112449 0.0179131444655134 0.172463022719318 0.0538042100758606 0.31760730800272 0.0889668369566221 0.0519185516923952 0.044143370138683 0.190553160790493 0.24173194437876 0.125379577284715 0.231030378312513 0.0285094021967673 0.10555640916701 -0.0305909272306726 0.169311210211043 0.0654352337225105 0.0202055386396249 0.0316813458323841 -0.0743983116767729 -0.0720149140583624 -0.00336978388075973 0.0208828753838907 -0.0409610511667488 0.00778818600727294 -0.109429095211604 -0.12761133889149 0.205189270875682 -0.0752536990278944 0.0221771296964205 0.140274459062929 0.00478639533898262 0.101616148620326 0.0752536990278944 0.0861773236457343 0.104927445122961 0.0999068658164042 -0.0568816655401512 -0.0263466043439317 -0.0827533770290916 -0.0605963968795213 0.152541688993603 0.0574358092173439 0.120239680921308 0.00734163587714907 0.110702918516991 0.316308448899452 0.16200543168909 0.130301859416164 0.0773401381225469 0.0889880826670704 -0.000955622420003372 -0.0404541552930401
"flex" 0.218150593759782 0.141142817680319 0.219886779891827 0.170884239676294 1 0.0873927954614863 0.175334384095415 0.193967200340229 0.0988795974378939 -0.039724285069833 0.0401072751009435 0.140906519360627 0.0764943681200373 0.0284384521508444 0.0813210345056324 0.010332842162044 0.0379424597192053 0.00633593389580315 0.167299983788608 0.116367050687838 0.141775584042711 0.139108834705512 0.0553376869454625 0.0630920594564564 0.0762616833542953 0.256825817658036 0.229060824012936 0.307738742906832 0.0880136576268418 0.102358490566038 0.00633593389580315 0.104748386655438 0.34187300542628 0.0800071793583631 0.194040734217409 0.148580737586328 0.0459577017157033 0.159171361225865 0.143716619237417 -0.052347326366462 -0.0806127495651852 0.0705424381768418 -0.0123574303934285 0.0191551489873118 0.0854147741270985 0.0459577017157033 0.0592646644599192 0.00430348540267033 0.030974347771721 -0.00101488932220545 0.0181092499922335 0.0302661586815136 0.102358490566038 0.141775584042711 0.0499775711771034 0.0599498218608776 0.0452537276439939 0.093027577182222 0.115800641564179 0.186576035816862 -0.00350512939807546 0.0471766589380254 0.148020838541441 0.0905695194097669 0.0782967738636607 0.12721016379842 0.0831118177131387 0.0831118177131387 0.105984718211874 0.213553537653305 0.0975855094872401 0.171120204853173 0.0905695194097669 0.101360219279633 0.128624305185027 0.11099710462898
"a_la_carte" -0.0270628967470586 0.0266131524656543 0.18915932847164 0.245854837063663 0.0873927954614863 1 0.209089515330246 0.123985066623574 0.0159310530643443 -0.011756795567902 0.0169866974363861 0.100250998108817 -0.0088410332985337 0.0187095137250483 0.020128043417276 0.0567169935451099 -0.0820871439004436 0.0451852733419133 0.0566828733771964 0.0494220850724768 0.205389091950387 0.138904362450397 -0.0156530110581379 0.0291484375207841 0.123335430294806 0.0993267802387037 0.148309322630858 0.176607132886565 -0.011756795567902 0.167599445938076 0.308259148423918 0.200116012988038 0.176275177505877 0.0523962486518901 0.156295174503728 0.132507023683367 0.142772209076013 -0.131440469874597 0.191581249656958 0.0784773762088449 0.0491270684117994 0.0657561292862416 -0.00276741139310222 0.0299786909672309 0.0380815026565024 0.295003901958295 0.102993856177477 0.0579775163649797 0.0777929407124313 0.0245815848941121 0.0615795071846674 0.0250998559134521 0.0873927954614863 0.168414780912492 0.0588925141960713 0.150565654267042 0.0491270684117994 0.116849443139137 0.128582848948847 0.0777859048307446 -0.12348030802885 0.0368098174495058 -0.139424659438505 0.0169866974363861 0.185408154572436 0.119810288139119 0.161691176688551 0.0475174070268394 0.172841014067955 0.0450086167600343 0.180830132296583 0.197580917062303 0.0541854146072063 0.00711606069429525 0.053260521675 0.107436575899038
"enriched_virtual" -0.0149896906380424 0.341919394411419 0.115112470329029 0.0900298760302601 0.175334384095415 0.209089515330246 1 -0.0620353095392425 0.0948600166403316 -0.0181351093630394 0.0835821643838174 -0.00483065543301366 0.032000486970533 0.00604293827918572 -0.0454547409071071 0.147873029308508 -0.116760072849405 -0.0942187852054049 0.194371882453648 0.0181351093630394 0.0552488790354892 0.0179266598301309 0.0413267320170139 0.0607398621501297 0.011255905783548 -0.0145830859326028 -0.0016391961422195 0.0992831735806669 0.198235505795982 0.0985423627067901 0.0856912571846067 0.0913177061104799 0.180640690702802 -0.14481298048857 0.0423744678993774 0.0522267704642008 -0.0732966196531022 -0.0906490867137841 0.0351547507317915 -0.0983829782139331 0.0145830859326028 0.0149896906380424 0.0211967574885584 -0.121673265662609 -0.0766494164235752 0.0724541297720321 0.0734692049112802 -0.0454547409071071 -0.0637153698134141 -0.011255905783548 -0.00803971219921046 0.0920172182789585 0.0217503413181654 0.0906490867137841 0.0834193324631002 0.0238133208789698 0.0145830859326028 -0.000620377954090438 0.0479671041907129 -0.148713732965407 -0.0903601713233054 -0.0338084204332771 0.0266547980774217 0.0123520439976085 0.0932379382483171 -0.00401378035984774 -0.0724541297720321 0.00042124494053507 -0.0587129177883991 0.116760072849405 0.0724541297720321 0.156716824881351 -0.023263016195496 0.0674262896699396 0.0900603364697636 0.0806098344287908
"opportunities_mastery" 0.106645110168417 0.0126453537222268 0.193368833155891 0.0438974422071586 0.193967200340229 0.123985066623574 -0.0620353095392425 1 0.294596455979 0.477627959196674 0.343898777327892 0.363201500538084 0.385761436467485 0.240509440017303 0.315297700683057 0.065480173567798 0.163603187695697 0.119684798227231 0.212140506541686 0.247193417478981 0.194218274384222 0.289711305984468 0.0802922235914749 0.110749123323418 0.102530487799491 0.249993687639134 0.307962229376582 0.154217842984983 0.182330361291778 0.222550101242154 0.200042379443186 0.140881849355181 0.148611377432201 0.162807102222578 0.214868733803188 0.23067095126345 0.167297449899326 0.148367528823711 0.179803501067042 0.153121254185616 0.226141078910262 0.307023142278581 0.339913906010007 0.308888968257861 0.347138532532252 0.113047292762338 0.169884678452807 0.207391662664919 0.121849200130052 0.161032281729662 0.206250667964521 0.197089824689201 0.165384299438305 0.167865520291304 0.0611410063473638 0.153688499642095 0.226141078910262 0.206435355249061 0.184822604927557 0.22858259168947 0.0531151403435794 0.193410652228581 0.0168020862765562 0.105284518727389 0.271280945545263 0.356195483657987 0.266703807196583 0.402329200039055 0.378122483888569 0.12709416635184 0.221547607036315 0.120333353010397 0.237847995727669 0.164747361416588 0.140055687064404 0.138778769618107
"advancement_mastery" 0.090689828669687 0.0852930380971557 0.167816907191328 0.169291305217504 0.0988795974378939 0.0159310530643443 0.0948600166403316 0.294596455979 1 0.358822078184063 0.373187645862579 0.370224891169425 0.359381422007592 0.162651771227439 0.214585758105179 0.0688417042601963 0.0214868112902191 0.0163685998524661 0.171433751614952 0.0741000262193358 0.134563367814773 0.190463482027186 0.221561465205543 0.139869561392382 -0.0495466859648985 0.0831514838386986 0.0875969917976243 0.177077798781358 0.142361025982364 0.0220554790692308 0.0883626958137365 0.00668804688211981 0.111265326689213 0.2325557682913 0.342550653155303 0.287298731383323 0.186549033531328 0.0779266562091636 0.179295207067021 -0.017165384463908 0.106439378818235 0.131678774855829 0.115600065755501 0.0796235280958944 0.217885860613347 0.040737364250064 0.0216813902785385 0.0454038876199109 0.0776626680167959 0.00232036821323216 0.13528860545883 -0.0827405209861185 -0.0547686392994323 0.229003378492078 0.131878241152374 0.101248915352405 0.296030241475169 0.0361348801935074 0.0168881826494103 0.0148854235602739 -0.0349087143587895 0.0306111172584522 0.0761269550565051 0.0168881826494103 0.288724406889811 0.168790129728238 0.202282084552042 0.177980139671831 0.253623188405797 0.309984888995837 0.25945486817196 0.0827405209861185 0.0643947777444995 0.0664359956795382 0.0685677163206023 0.0381636973559787
"performance_assessment" -0.00783648178195262 0.00516685804466771 0.218749752686921 -0.0227664682593171 -0.039724285069833 -0.011756795567902 -0.0181351093630394 0.477627959196674 0.358822078184063 1 0.446548863716004 0.437826887417112 0.388479497433299 0.226744136990377 0.301745750374468 0.042252635170478 0.298330283741438 0.161085365823313 0.16135957366469 0.271705963938974 0.301440174313511 0.304160887656033 0.230707929762155 0.18022699063556 0.226314608393177 0.213606209401575 0.255217581976473 0.11754617917602 0.112205270457698 0.190204011784182 0.232909510894017 0.0758082184522671 0.0962118883999699 0.359109024437516 0.212345878720065 0.199745093152295 0.211053949147523 0.26386226640451 0.120394587618657 0.31377169195304 0.35382372113927 0.352926643161757 0.41047660419015 0.389566413052085 0.511794820981663 0.186809371987814 0.236201878987345 0.277633965240619 0.158174794905216 0.221276316870585 0.278854131260435 0.237249123174111 0.113561246166177 0.160114564134006 0.140989037009022 0.257193287199656 0.235609152276594 0.191805777303323 0.138484939023583 0.140530588830596 0.160443588368821 0.263670301037659 0.180070782088628 0.233273838928943 0.292585652116334 0.357445778019261 0.249593016886944 0.443549634164615 0.314612306443446 0.174082888682075 0.162564794828105 0.117394583413918 0.162182163999923 0.0487714613071701 0.131612862748293 0.126156595514996
"grading_mastery" -0.142405120149084 -0.0881837038799349 0.0766338136141334 0.0497528311221333 0.0401072751009435 0.0169866974363861 0.0835821643838174 0.343898777327892 0.373187645862579 0.446548863716004 1 0.425502593618723 0.478363086424623 0.312573517167413 0.220649748800832 0.0433512223877337 0.219121967315702 0.132438281783629 0.185622457735593 0.288065110550539 0.285604260259496 0.256971063905283 0.149960265292823 0.149137782062256 0.0736968254106451 0.136321049900764 0.267944270542275 0.0788282691123403 0.138484939023583 0.115800641564179 0.297951965209815 0.0629517819127573 0.0554520168840556 0.339558316057489 0.223705480433143 0.240373100307825 0.0568848983228046 0.272695593129124 0.119039109644079 0.213455046906257 0.213929568408624 0.215436995008149 0.275242815192295 0.316813144658877 0.341689247470795 0.0568848983228046 0.0939939800207739 0.10158422621024 0.0619375417650971 0.065896796443825 0.136548486165677 0.159671091121389 0.0401072751009435 0.146029296912341 -0.0253783522635372 0.264905354415919 0.23727960962925 0.213074570687119 0.180871212121212 0.198072637166671 0.109173871601051 0.0814604440593348 0.114981661204125 0.274485930735931 0.300878672571887 0.169776244200437 0.086780611309972 0.230446120942749 0.24439809037358 0.0374867119469324 0.10477340153373 0.073829321084869 0.227678571428571 0.149133411927517 0.0635049787210106 0.0467040428225408
"assessment_schedule" -0.0403405724812694 0.0424614046896408 0.247881822875303 0.0706063204417781 0.140906519360627 0.100250998108817 -0.00483065543301366 0.363201500538084 0.370224891169425 0.437826887417112 0.425502593618723 1 0.358065456227912 0.171454775076007 0.259093746300644 0.16261865194455 0.0947856123545163 0.108622017128178 0.183741836789426 0.214930658425636 0.301254227350751 0.244417244204446 0.132288033280871 0.142384773275652 0.140494338465938 0.276225089050742 0.350697652224061 0.106085130162687 0.12353621719653 0.166647625854173 0.301603880678111 0.24717017781918 0.128916628348289 0.27849583010349 0.463727884630943 0.386525874417702 0.352726625421481 0.220864893458429 0.303612972452495 0.171293460774099 0.295503011516895 0.263864669824104 0.253865350925782 0.15672804525298 0.366928165199474 0.15730082494777 0.214598777880208 0.161916037661053 0.0687866561658401 0.168071840449975 0.180907532171509 0.133293063908833 0.0636831998799875 0.158858103493702 0.17416222870225 0.281092953863887 0.319325015707214 0.159708741673641 0.138981872129113 0.219086492553599 0.157643630693248 0.17212070436222 0.0439536209364835 0.234488779292316 0.247742331008576 0.298263065257625 0.135837875762796 0.282407226118079 0.381010860378675 0.0718114508694594 0.181729050006984 0.128748982184668 0.0434749649659091 0.0533934730234868 0.0427328891118002 0.0796163882691547
"competency_framework" -0.0596929124661415 0.0182307848441855 0.138413853902649 -0.00943523075269252 0.0764943681200373 -0.0088410332985337 0.032000486970533 0.385761436467485 0.359381422007592 0.388479497433299 0.478363086424623 0.358065456227912 1 0.137247743309849 0.275115160489364 0.0227725701149664 0.203113970247403 0.0289207482829091 0.135723401351395 0.181876539816721 0.226681037637294 0.150831148579124 0.0713782386379444 -0.00743759544847347 0.0431574235456778 0.0526536472207072 0.176348546730761 0.0369634285022858 0.0795366439228714 0.0258881513522879 0.289755743460047 0.0759263908316776 0.0103824717736984 0.238743533993149 0.173080579446834 0.27696705803591 0.249425327400089 0.123251914574947 0.0726356926543171 0.160582232813227 0.204929619260027 0.132933152584173 0.186540868760344 0.208201974605398 0.27508692639243 0.225412761100581 0.243510558539597 0.0601857551296351 -0.0211391167743658 0.00350654066308632 0.189240803609498 0.12290362898818 0.127100584887787 0.156694447194846 0.0956948521526112 0.12876719179601 0.204929619260027 0.190515381483556 0.126306305576099 0.189503203010744 0.0502808907751998 0.127332832746637 -0.0492970268627233 0.173247209689235 0.264617532491143 0.172905723806243 0.158788299691542 0.230825998590065 0.236145263886215 0.0776214506804322 0.12936249590255 0.158096298081712 0.220188113802372 0.131909092291792 0.0981037915939328 0.226704468629949
"equity_plan" 0.0460258940805845 0.018556186601689 0.0303085302569958 0.0763979934862331 0.0284384521508444 0.0187095137250483 0.00604293827918572 0.240509440017303 0.162651771227439 0.226744136990377 0.312573517167413 0.171454775076007 0.137247743309849 1 0.304332996654766 0.197709305069412 0.286542370528072 0.401906633081012 0.251378750195798 0.369482371422571 0.349453378320723 0.400643535277487 0.316921809518785 0.384365419568735 0.171013962683963 0.099330176734258 0.220624086322151 0.0889848927627788 0.226744136990377 0.266495817736139 0.154028388792188 0.0291024414809728 0.157448706512043 0.295707748367735 0.203776814646934 0.279331153713773 0.238684168614456 0.406544390107691 0.240612264760419 0.211619823971492 0.169936669882968 0.311264860609081 0.410082367156956 0.267364626498812 0.249460372639063 0.163378950674697 0.175128433774948 0.204475986846754 0.307857805092105 0.219230595196672 0.14542158098789 0.270681806399766 0.00198763375247837 0.39822742789675 0.202376627470449 0.317112127921935 0.390245908024336 0.339193488688311 0.337108552770844 0.391827726754923 0.163066392686639 0.243349919910037 0.293649615000458 0.312573517167413 0.352315920352989 0.3734303953959 0.2633506176506 0.288452356963853 0.310477761537687 0.0802940633744177 0.238684168614456 0.194415474120898 0.312573517167413 0.280154396948687 0.308794074592305 0.127488289613924
"reallocation_resources" 0.273040869519951 0.0919979472109116 0.172873583434457 0.120067867612124 0.0813210345056324 0.020128043417276 -0.0454547409071071 0.315297700683057 0.214585758105179 0.301745750374468 0.220649748800832 0.259093746300644 0.275115160489364 0.304332996654766 1 0.180489323883029 0.319134779709533 0.266868066191154 0.21695728641913 0.301048877971755 0.288685185353483 0.494640031445259 0.387152610475005 0.247926288450184 0.199096253842614 0.167545686898098 0.076583476928151 0.14166305314611 0.132963254437525 0.0813210345056324 0.0744004249151994 0.114268381496478 0.219916304837299 0.083937479479629 0.142484288236812 0.158377786598556 0.269402739417296 0.184703791576873 0.193435041702097 0.112827380319115 0.141315173621428 0.222355778901145 0.158999675070091 0.118067216360756 0.0405842088660837 0.0257714068548694 0.0301405596556705 0.0550420168067227 0.111351930648162 0.155992941155038 0.0745685152672635 0.143787159165826 0.0299760017703244 0.0756601457348229 0.108281604114706 0.0679535536820672 0.236349284550513 0.169514911455876 0.173023539764595 0.306940545135481 0.211720778032998 0.184129146675197 0.209265397230664 0.149210435246477 0.255926936834809 0.208905806864329 0.217859925707557 0.193496792451315 0.292959853350625 0.131852331599683 0.0744976733673548 0.236349284550513 0.363528375909544 0.209391886727531 0.388657988467115 0.20329307663766
"design_margins" -0.15874549798461 0.0363266597850696 -0.103817490176369 0.0663960958751033 0.010332842162044 0.0567169935451099 0.147873029308508 0.065480173567798 0.0688417042601963 0.042252635170478 0.0433512223877337 0.16261865194455 0.0227725701149664 0.197709305069412 0.180489323883029 1 0.167406475447107 0.156420991873104 0.153206438467227 0.267699557811544 0.193903652076062 0.248887430491826 0.212569867384995 0.0148446479544845 0.128260299796042 0.0582576162015133 0.182129022102388 0.0313771954964895 0.119740683415984 0.120337869487189 0.104876550741586 0.0455400944019878 -0.0105115189559969 0.128679903018248 0.120816864902371 0.152723071217911 0.275166762411306 0.0850068920666032 0.097756461951814 0.0713590893062708 0.094447953538817 0.105676954697002 0.0525052486734035 0.0497567726529683 0.141702312629357 0.0141807432383019 0.158488524325315 -0.0271559165609544 0.266421706855595 0.0238930615620055 0.0662962058529797 0.0582576162015133 0.0928366126559027 0.168548148063093 0.222584751005708 0.0677685807199227 0.272604451569202 0.174628588850286 0.170898186215589 0.14471456865524 0.10556754937049 0.173323428769477 0.141493230102735 0.119879400684447 0.165961552082412 0.161296017767985 0.194608072100101 0.168509470182801 0.112391564998712 0.0360092945430564 0.0924765489902031 0.196251666699037 -0.00766756314340867 0.0299525502565496 0.127539228230194 0.100023311738158
"restorative_practice" 0.0778453340288757 -0.0963230753935016 0.124152260146757 -0.0688249037052577 0.0379424597192053 -0.0820871439004436 -0.116760072849405 0.163603187695697 0.0214868112902191 0.298330283741438 0.219121967315702 0.0947856123545163 0.203113970247403 0.286542370528072 0.319134779709533 0.167406475447107 1 0.443849108551888 0.137428441317037 0.36304815765148 0.249699420928988 0.345571600983789 0.299992604043793 0.186155913978495 0.271180599231959 0.266917917367352 0.234062797010381 0.042772985934675 0.0857443561508573 0.213989657879963 0.161028129621956 0.112919139217019 0.0313825388540858 0.320008503589146 0.142800094107928 0.161481811002909 0.17948450935329 0.376358547487171 0.112017424873646 0.21861131746337 0.175299418512933 0.164807689160232 0.250924259248352 0.239634923862115 0.19349583786068 0.10788384805094 0.118390448527158 0.176717797190834 0.28465411806278 0.239008901844085 0.120174099246069 0.29019251399263 0.16369045840546 0.203324756601865 0.254481322668862 0.237728054392562 0.268397805014046 0.369779407382167 0.312434214320296 0.363473064089479 0.302754705530559 0.485707145860418 0.456610226499322 0.335762276071445 0.370620739113284 0.309812595229128 0.154651910057677 0.106918135856111 0.238955238934539 0.0696236559139785 0.10788384805094 0.245123208388768 0.335762276071445 0.248829781808928 0.25791298421232 0.248531304589577
"culturally_relevant" 0.0483365587215198 0.0162718262190036 0.019405861455373 0.0162718262190036 0.00633593389580315 0.0451852733419133 -0.0942187852054049 0.119684798227231 0.0163685998524661 0.161085365823313 0.132438281783629 0.108622017128178 0.0289207482829091 0.401906633081012 0.266868066191154 0.156420991873104 0.443849108551888 1 0.211504459223679 0.269859504600911 0.251595500613308 0.40049918272566 0.362256033866358 0.32600703399775 0.255841068877855 0.198679390531535 0.0859726266720189 0.0829021757023854 0.185026747513548 0.133791348311378 0.116128141397404 0.0626088425371942 0.0442742066388709 0.187196490136897 0.0581674281977393 0.07112124640471 0.239812053270028 0.265452272245359 0.175044096072998 0.225300191906981 0.178770542887332 0.22220600376981 0.232343028387505 0.266086716376692 0.118003964308852 0.143048239355825 0.154241985873301 0.170634245553177 0.338842284527069 0.190759883539303 0.161221651994426 0.127907528015497 0.108300265428263 0.251595500613308 0.119652539674174 0.240673628585039 0.320314267919407 0.293799502428405 0.274307153291789 0.352343105062214 0.193109182396781 0.40823394405495 0.40429881400221 0.250662341373762 0.37848603452349 0.307567764008331 0.171434155865338 0.171434155865338 0.247609752005525 0.145361264218804 0.191430146312926 0.22595178456469 0.416176024799948 0.241290298154602 0.377584198762818 0.231855921800441
"rigorous_coursework" 0.114854736104301 0.223025517006847 0.170581765010682 0.0708827155786746 0.167299983788608 0.0566828733771964 0.194371882453648 0.212140506541686 0.171433751614952 0.16135957366469 0.185622457735593 0.183741836789426 0.135723401351395 0.251378750195798 0.21695728641913 0.153206438467227 0.137428441317037 0.211504459223679 1 0.309121430447524 0.265778759953618 0.21363524078827 0.167379855167874 0.266081689952576 0.152042213580386 0.170607556377919 -0.0057919939837368 0.174338914533147 0.344324408597218 0.11164056610509 0.00286427991821091 0.122014315106881 0.208674083858864 0.038330652139568 0.0566786939163082 0.229659625413664 0.150370793432105 0.144754503189024 0.104769491481585 0.0883084543715515 0.164206051208416 0.314764060566921 0.268702342736322 0.179695876974074 0.190241955855077 0.229601698803945 0.174675899236461 0.164425991037032 0.208771619751266 0.181560653095017 0.0911440429744964 0.222117342160432 0.0281514395798138 0.368412075739279 0.181762051420484 0.0841428354492295 0.241470729882185 0.0269792681926829 0.0307381240301706 0.0158362690859149 0.109282014796113 0.0571773765061197 0.107659985712652 0.108180290882882 0.279287519750352 0.227531416620535 0.219373431636482 0.140142526264642 0.247761146326909 0.171339355408254 0.176781095222718 0.215715836990929 0.159808402118023 0.0725403293612878 0.105515259437296 0.110434496379197
"elimination_tracking" -0.016812815459462 0.0227664682593171 0.0587476421056533 0.0227664682593171 0.116367050687838 0.0494220850724768 0.0181351093630394 0.247193417478981 0.0741000262193358 0.271705963938974 0.288065110550539 0.214930658425636 0.181876539816721 0.369482371422571 0.301048877971755 0.267699557811544 0.36304815765148 0.269859504600911 0.309121430447524 1 0.475850681673768 0.295700416088766 0.265910907911849 0.126841571439724 0.221276316870585 0.235609152276594 0.240084488173381 0.000272412929724265 0.199722607489598 0.167462227766508 0.293800886291146 0.218906878002614 0.102530281071013 0.238255025828737 0.188237334439467 0.249954989855646 0.152614708248109 0.183668832497257 0.11764271133023 0.140175293720218 0.18996329562904 0.238656490632194 0.275756831089804 0.256850892584252 0.179741569232451 0.298082171206362 0.362522297786438 0.156378167168662 0.221181575500547 0.132084939916595 0.100815438502912 0.330180807366735 0.141914639227173 0.381633608220764 0.185015990242702 0.158871320970964 0.355463692036787 0.070035251540453 0.0747900857634779 0.238073511444936 0.169280114294102 0.0901168919265216 0.240571132226428 0.430248460408579 0.321404132164668 0.29911310091427 0.138320217668397 0.259543103466941 0.214514710049597 0.0621236975296816 0.055636399609274 0.284534950719181 0.264367885574199 0.0864442887912342 0.176076667730825 0.0568082394175314
"graduation_supports" -0.0562267876779784 0.140274459062929 0.155492229914675 0.00317004427260856 0.141775584042711 0.205389091950387 0.0552488790354892 0.194218274384222 0.134563367814773 0.301440174313511 0.285604260259496 0.301254227350751 0.226681037637294 0.349453378320723 0.288685185353483 0.193903652076062 0.249699420928988 0.251595500613308 0.265778759953618 0.475850681673768 1 0.442765784493017 0.298704476867515 0.342448749583234 0.190883573420384 0.191978816212857 0.318656602293768 0.144404343747278 0.136560295770755 0.242091232465569 0.29859984360046 0.486500916483358 0.333383315743651 0.304097860025016 0.202567204423265 0.343275567321668 0.266337699643725 0.086741512964448 0.298774008292127 0.145602386826627 0.179368048411313 0.153015188357484 0.270553789665739 0.218447929258207 0.170625840839605 0.480535942590668 0.420421270620261 0.265015736506966 0.214971364472264 0.179120440044338 0.144880773556923 0.30802471140791 0.166854496148425 0.537556802993852 0.29379012526853 0.271917537269431 0.225786406489335 0.15857173857819 0.192554284694726 0.262094447839155 0.0763688940430352 0.213865287889727 0.174240088353786 0.425179223606651 0.40553356257994 0.31777266044042 0.281057810109572 0.281057810109572 0.337636685571753 0.167672558015118 0.12353887101243 0.318623122645377 0.401916729715459 0.242299258277533 0.307282667461649 0.119096174242609
"poverty_supports" 0.140059301666535 -0.0786331208672867 0.114688229639705 0.116900163260607 0.139108834705512 0.138904362450397 0.0179266598301309 0.289711305984468 0.190463482027186 0.304160887656033 0.256971063905283 0.244417244204446 0.150831148579124 0.400643535277487 0.494640031445259 0.248887430491826 0.345571600983789 0.40049918272566 0.21363524078827 0.295700416088766 0.442765784493017 1 0.465948431818262 0.440054235468492 0.132084939916595 0.119034554311435 0.231631769112194 0.188237334439467 0.208183079056865 0.139108834705512 0.161085365823313 0.198606175308468 0.245268515503207 0.216879488659837 0.188782160298916 0.128739816887883 0.211053949147523 0.193199461314757 0.2394132370931 0.0509602791948379 0.188323324731523 0.180381562471855 0.181732125763499 0.126211214459503 0.201795749506371 0.211053949147523 0.18630819758953 0.132963254437525 0.259336493680086 0.150604065513149 0.0890193463787615 0.213606209401575 0.0113708920088369 0.25433163758701 0.17062585766827 0.134821343620061 0.188323324731523 0.358431886567544 0.351759963810644 0.438005239047085 0.130468706308556 0.358013552494774 0.427507202273956 0.256971063905283 0.538181565828735 0.357445778019261 0.249593016886944 0.225348439727236 0.362714762488268 0.292186181787953 0.186809371987814 0.282894979821664 0.422851638739664 0.238073511444936 0.39196554238447 0.204570096200366
"immigrants_supports" 0.0194011378554562 -0.0100255950074056 -0.0950103300635678 0.0204029652782289 0.0553376869454625 -0.0156530110581379 0.0413267320170139 0.0802922235914749 0.221561465205543 0.230707929762155 0.149960265292823 0.132288033280871 0.0713782386379444 0.316921809518785 0.387152610475005 0.212569867384995 0.299992604043793 0.362256033866358 0.167379855167874 0.265910907911849 0.298704476867515 0.465948431818262 1 0.505837801860654 0.130237135144955 0.189960944099672 0.211333524073268 0.13368456339946 0.178432262638576 0.194486231154256 0.101455809734523 0.0920133301503098 0.170192955950858 0.178577851323128 0.174338914533147 0.157080626337444 0.140142526264642 0.137487115221542 0.154531252814756 0.0678485739720097 0.119097770595406 0.141705910896252 0.118907588238885 0.211504459223679 0.0954963566881051 0.113732224474029 0.151427668043119 0.019433542800314 0.232021548419217 0.203365731530448 0.0897992947994629 0.215715836990929 -0.0559811484215725 0.22172949002827 0.205648645446995 0.182463584563897 0.299382020834201 0.102671103955488 0.0208899872049703 0.249293526255693 0.119285377117691 0.30252030115056 0.431418958666183 0.253216487763104 0.255781593392626 0.222784798911762 0.176781095222718 0.150370793432105 0.171433751614952 0.137428441317037 0.0873219226834152 0.299382020834201 0.330658654615816 0.280966064427523 0.461703776464328 0.259710335747202
"ell_supports" 0.271967752580162 0.0686659547359615 0.0900054540968542 0.123662298112449 0.0630920594564564 0.0291484375207841 0.0607398621501297 0.110749123323418 0.139869561392382 0.18022699063556 0.149137782062256 0.142384773275652 -0.00743759544847347 0.384365419568735 0.247926288450184 0.0148446479544845 0.186155913978495 0.32600703399775 0.266081689952576 0.126841571439724 0.342448749583234 0.440054235468492 0.505837801860654 1 0.0624667124281231 0.173819530866239 0.141189255994794 0.251542700982603 0.274709625120262 0.213989657879963 0.066754469978645 0.161273127050049 0.275940161455745 0.17999466666218 0.212389999123903 0.161481811002909 0.131750735151723 0.214047222342241 0.158883239875195 -0.0165861820463502 0.175299418512933 0.140542386841322 0.225904145790159 0.0746560194863213 0.0761228366338298 0.155617622252507 0.142948659072959 0.105509305931484 0.234861233912264 0.169437606242806 0.236972521547024 0.173819530866239 0.0127928599819543 0.226512088765427 0.225306194225049 0.165448698663365 0.22184861176349 0.252614869878294 0.219121967315702 0.310229338359183 0.155215088469188 0.299960063829244 0.286102984966581 0.149137782062256 0.370620739113284 0.285874417929155 0.202385684259244 0.226252571360028 0.357337989036702 0.255645161290323 0.0840169609501566 0.245123208388768 0.335762276071445 0.22220791894378 0.467610381819935 0.248531304589577
"flexible_staffing" -0.0248997665034637 -0.0643605013539686 0.112402445927223 0.0179131444655134 0.0762616833542953 0.123335430294806 0.011255905783548 0.102530487799491 -0.0495466859648985 0.226314608393177 0.0736968254106451 0.140494338465938 0.0431574235456778 0.171013962683963 0.199096253842614 0.128260299796042 0.271180599231959 0.255841068877855 0.152042213580386 0.221276316870585 0.190883573420384 0.132084939916595 0.130237135144955 0.0624667124281231 1 0.398902389504359 0.248025879338659 0.0525541607456102 0.0849701056783046 0.226755271418475 0.373367635303423 0.0352624422654108 0.121669455726513 0.288479575969297 0.155656598238907 0.248088705220356 0.319620446786613 0.179120440044338 0.131845575905791 0.290294583960674 0.34389062371331 0.339504119684867 0.21130825575563 0.237770510109531 0.190406543148785 0.248211487732695 0.183622653997279 0.199096253842614 0.149552807960137 0.295187165775401 0.240916684827783 0.398902389504359 0.201673006741112 0.167758322578839 0.195101375673639 0.19334004664595 0.251041497061102 0.295436756665948 0.28308725819235 0.0897808832811712 0.15343864365585 0.284567198852665 0.254584616937541 0.236556050907527 0.254084712449976 0.192510690883607 0.275454211996039 0.108833307536897 0.238451956971564 0.0534854469073414 0.15299954232747 0.274253778724154 0.190024843622703 0.0695226326946505 0.263132524919696 0.284207688995141
"flexible_facilities" 0.190795468366141 0.089890782136914 0.290620103260155 0.172463022719318 0.256825817658036 0.0993267802387037 -0.0145830859326028 0.249993687639134 0.0831514838386986 0.213606209401575 0.136321049900764 0.276225089050742 0.0526536472207072 0.099330176734258 0.167545686898098 0.0582576162015133 0.266917917367352 0.198679390531535 0.170607556377919 0.235609152276594 0.191978816212857 0.119034554311435 0.189960944099672 0.173819530866239 0.398902389504359 1 0.33825998944002 0.124413530801591 0.213606209401575 0.281999113099872 0.293041873886252 0.176952099135806 0.169936669882968 0.186320948056783 0.247082319531532 0.335400572507668 0.170539752566701 0.179368048411313 0.192520692323311 0.256103321798557 0.23471586318341 0.367832323119418 0.208890407947325 0.202361163726011 0.250586383281701 0.0988716298281438 0.011935452717593 0.262579797827182 0.20224010726647 0.22782921539805 0.297069149167346 0.184621599784541 0.2316525222162 0.0759329210178036 0.161373998933431 0.222618281752359 0.421088068946943 0.286340635342839 0.253071256003893 0.210711108364367 0.238334524734174 0.265986806628769 0.229154411248481 0.112971008680138 0.186044499486658 0.295146353006166 0.307247732357011 0.235579609618454 0.272331383643052 0.245123208388768 0.218318501059072 0.188122811742526 0.229721214783267 0.0824052945723221 0.200997690357288 0.241470729882185
"flexible_schedule" -0.0990188464554728 -0.16585663577957 0.133035211054193 0.0538042100758606 0.229060824012936 0.148309322630858 -0.0016391961422195 0.307962229376582 0.0875969917976243 0.255217581976473 0.267944270542275 0.350697652224061 0.176348546730761 0.220624086322151 0.076583476928151 0.182129022102388 0.234062797010381 0.0859726266720189 -0.0057919939837368 0.240084488173381 0.318656602293768 0.231631769112194 0.211333524073268 0.141189255994794 0.248025879338659 0.33825998944002 1 0.134690111368852 0.137288517655079 0.304398319363198 0.415443673823332 0.274904133282795 0.121251497217356 0.251329859499051 0.259070939859572 0.233325794210642 0.245066793890581 0.190712162229575 0.208826791802399 0.167381909937636 0.149785499692463 0.195936868728722 0.209974436078345 0.196431128029106 0.290628529238857 0.173571759585235 0.183702244336843 0.171388067329368 0.101163230252107 0.0993174325252481 0.000539311530602956 0.175578159729192 0.178835827112761 0.249197225313312 0.11989622591874 0.219855649686052 0.173025761079724 0.279021807958776 0.267944270542275 0.269667311295142 0.166226862424966 0.205574912891986 0.132296134262231 0.337825213462597 0.280346397850322 0.267491000135867 0.30306180245041 0.279230124348628 0.290668957181821 0.0445578260363799 0.102076725279888 0.103304976917941 0.198063327621953 0.102488943950917 0.138919622720227 0.23702621533446
